[[4.387, 5.419]]
[[5.000, 5.548]]
[[8.5, 11]]
[[8.95, 10.34]]
[[10.59, 14.12]]
[[23.44, 28.72]]
[[15.3, 17.6]]
[[16.5, 17.5], [19.8,21.1]]
[[17.8, 19.2],[19.7, 21.5]]
[[25.3, 26.5]]
[[41.3, 41.7],[41.9,42.3]]
[[42.5,42.9],[43, 43.4]]
[[42.4,42.9], [43,43.45]]
[[44.8,45.5]]
[[44.7,45.8],[48.8, 49.3]]
[]
[]
[[58.5, 61.8]]
[[70.8, 71.3]]
[[6.56,11.6]]
[[14.38, 24.47]]
[[19.67, 32.03]]
[[27.49, 39.85]]
[[34.05, 39.85],[44.9, 46.41]]
[[44.9, 48.68]]
[[8.3, 12.0]]
[[16.5, 18.8]]
[[23.1, 26.1]]
[[27.3, 30.8]]
[[38.1, 46.1]]
[[88.7, 87.7]]
[[107.7, 110.0]]
[[127.0, 135.1]]
[[118.3, 120.0]]
[[136.8,138.6],[141.3, 147.8]]
[[141.3, 149.3]]
[[7.7, 9.31],[11.58, 11.83]]
[[16.11, 16.86]]
[[23.15, 29.44]]
[[28.44, 29.19], [30.95, 33.47], [34.48, 35.23]


